v	w
0.005	0.296237
0.0095	0.562851
0.01355	0.802037
0.017195	1.01736
0.0204755	1.21149
0.023428	1.38677
0.0260852	1.54488
0.0284766	1.68846
0.030629	1.81819
0.0325661	1.93455
0.0343095	2.03954
0.0358785	2.58305
0.0372907	2.62315
0.0385616	2.65974
0.0397054	2.69333
0.0407349	2.72417
0.0416614	2.75156
0.0424953	2.77612
0.0432457	2.7971
0.0439212	2.81624
0.0445291	2.83402
0.0450761	2.85062
0.0455685	2.86541
0.0460117	2.87925
0.0464105	2.89131
0.0467695	2.90153
0.0470925	2.90998
0.0473833	2.91679
0.0476449	2.92267
0.0478804	2.92813
0.0480924	2.933
0.0482832	2.93717
0.0484548	2.94102
0.0486094	2.94466
0.0487484	2.94791
0.0488736	2.95055
0.0489862	2.95265
0.0490876	2.95384
0.0491788	2.95409
0.049261	2.95404
0.0493349	2.95491
0.0494014	2.9562
0.0494612	2.95783
0.0495151	2.96022
0.0495636	2.96418
0.0496072	2.96849
0.0496465	2.97242
0.0496819	2.97656
0.0497137	2.98092
0.0497423	2.985
0.0497681	2.98895
0.0497913	2.99308
0.0498121	2.99719
0.0498309	3.00106
0.0498478	3.0053
0.0498631	3.00926
0.0498767	3.01313
0.0498891	3.01684
0.0499002	3.01985
0.0499102	3.02243
0.0499191	3.02482
0.0499272	3.0269
0.0499345	3.02978
0.0499411	3.03228
0.0499469	3.035
0.0499522	3.03793
0.049957	3.04015
0.0499613	3.04124
0.0499652	3.04221
0.0499687	3.04388
0.0499718	3.04549
0.0499746	3.04758
0.0499772	3.0497
0.0499794	3.05206
0.0499815	3.05494
0.0499834	3.05755
0.049985	3.05971
0.0499865	3.0617
0.0499879	3.06324
0.0499891	3.06449
0.0499902	3.06766
0.0499912	3.07018
0.049992	3.0726
0.0499928	3.07478
0.0499936	3.07622
0.0499942	3.07787
0.0499948	3.08062
0.0499953	3.08294
0.0499958	3.08453
0.0499962	3.08667
0.0499966	3.08932
0.0499969	3.09221
0.0499972	3.0956
0.0499975	3.09923
0.0499978	3.1024
0.049998	3.10641
0.0499982	3.11035
0.0499984	3.11336
0.0499985	3.11618
0.0499987	3.11907
0.0499988	3.12177
0.0499989	3.12508
0.049999	3.12818
0.0499991	3.13145
0.0499992	3.13403
0.0499993	3.13649
0.0499994	3.13944
0.0499994	3.14217
0.0499995	3.144
0.0499995	3.14495
0.0499996	3.14583
0.0499996	3.14586
0.0499997	3.14563
0.0499997	3.14537
0.0499997	3.1453
0.0499998	3.14547
0.0499998	3.14536
0.0499998	3.14556
0.0499998	3.14585
0.0499998	3.14599
0.0499999	3.14582
0.0499999	3.1462
0.0499999	3.14634
0.0499999	3.14657
0.0499999	3.1469
0.0499999	3.14687
0.0499999	3.14726
0.0499999	3.14658
0.0499999	3.14577
0.0499999	3.14507
0.05	3.14407
0.05	3.14371
0.05	3.14348
0.05	3.14291
0.05	3.14267
0.05	3.1424
0.05	3.14195
0.05	3.14214
0.05	3.14319
0.05	3.14416
0.05	3.14528
0.05	3.1462
0.05	3.14728
0.05	3.14871
0.05	3.15
0.05	3.15083
0.05	3.15227
0.05	3.15409
0.05	3.15557
0.05	3.15725
0.05	3.15937
0.05	3.16148
0.05	3.16411
0.05	3.16654
0.05	3.16866
0.05	3.17122
0.05	3.17378
0.05	3.17585
0.05	3.17795
0.05	3.17956
0.05	3.18092
0.05	3.18256
0.05	3.18346
0.05	3.1837
0.05	3.18317
0.05	3.1828
0.05	3.18403
0.05	3.18502
0.05	3.1864
0.05	3.18724
0.05	3.1886
0.05	3.19125
0.05	3.19417
0.05	3.19682
0.05	3.19949
0.05	3.20106
0.05	3.20225
0.05	3.20474
0.05	3.20804
0.05	3.21176
0.05	3.21494
0.05	3.21762
0.05	3.21992
0.05	3.22144
0.05	3.22181
0.05	3.2224
0.05	3.22267
0.05	3.22155
0.05	3.22091
0.05	3.22138
0.05	3.2207
0.05	3.21948
0.05	3.21738
0.05	3.21522
0.05	3.21349
0.05	3.2122
0.05	3.21129
0.05	3.21079
0.05	3.21094
0.05	3.21097
0.05	3.21088
0.05	3.21044
0.05	3.21056
0.05	3.21086
0.05	3.21127
0.05	3.2115
0.05	3.21155
0.05	3.21116
0.05	3.21256
0.05	3.21404
0.05	3.21504
0.05	3.21631
0.05	3.21814
0.05	3.22048
0.05	3.22157
0.05	3.2222
0.05	3.22207
0.05	3.22278
0.05	3.22406
0.05	3.22563
0.05	3.22758
0.05	3.22984
0.05	3.2325
0.05	3.23476
0.05	3.23657
0.05	3.23815
0.05	3.24017
0.05	3.24291
0.05	3.24587
0.05	3.24922
0.05	3.25236
0.05	3.25504
0.05	3.25822
0.05	3.26081
0.05	3.26259
0.05	3.26416
0.05	3.26692
0.05	3.26954
0.05	3.27278
0.05	3.2764
0.05	3.27984
0.05	3.2828
0.05	3.28542
0.05	3.28827
0.05	3.29106
0.05	3.29096
0.05	3.29006
0.05	3.28771
0.05	3.28517
0.05	3.28289
0.05	3.28162
0.05	3.28131
0.05	3.28094
0.05	3.27992
0.05	3.27869
0.05	3.27741
0.05	3.276
0.05	3.27463
0.05	3.27329
0.05	3.27357
0.05	3.27492
0.05	3.27651
0.05	3.27767
0.05	3.27828
0.05	3.279
0.05	3.28133
0.05	3.28325
0.05	3.28233
0.05	3.28123
0.05	3.28032
0.05	3.27943
0.05	3.27923
0.05	3.27983
0.05	3.27967
0.05	3.27849
0.05	3.27701
0.05	3.27627
0.05	3.27618
0.05	3.27631
0.05	3.2763
0.05	3.27608
0.05	3.27513
0.05	3.27489
0.05	3.2755
0.05	3.27661
0.05	3.27679
0.05	3.27724
0.05	3.2777
0.05	3.27926
0.05	3.28118
0.05	3.28347
0.05	3.28485
0.05	3.28643
0.05	3.28725
0.05	3.28841
0.05	3.28984
0.05	3.29216
0.05	3.29467
0.05	3.29778
0.05	3.30045
0.05	3.30275
0.05	3.30561
0.05	3.30896
0.05	3.31262
0.05	3.31396
0.05	3.31463
0.05	3.31569
0.05	3.31729
0.05	3.32006
0.05	3.32338
0.05	3.32694
0.05	3.33042
0.05	3.33359
0.05	3.33631
0.05	3.33801
0.05	3.33827
0.05	3.33908
0.05	3.34008
0.05	3.34131
0.05	3.34323
0.05	3.34588
0.05	3.34852
0.05	3.34979
0.05	3.3506
0.05	3.35108
0.05	3.35178
0.05	3.35298
0.05	3.35405
0.05	3.35413
0.05	3.35499
0.05	3.35696
0.05	3.35835
0.05	3.36082
0.05	3.36329
0.05	3.36505
0.05	3.36628
0.05	3.36724
0.05	3.36888
0.05	3.3707
0.05	3.37262
0.05	3.37462
0.05	3.37673
0.05	3.37924
0.05	3.38199
0.05	3.38437
0.05	3.387
0.05	3.39
0.05	3.39272
0.05	3.39478
0.05	3.3966
0.05	3.39819
0.05	3.3988
0.05	3.39984
0.05	3.40027
0.05	3.40104
0.05	3.40253
0.05	3.40331
0.05	3.40425
0.05	3.40612
0.05	3.40798
0.05	3.40991
0.05	3.41207
0.05	3.41376
0.05	3.41591
0.05	3.4181
0.05	3.42055
0.05	3.42345
0.05	3.42659
0.05	3.43057
0.05	3.43651
0.05	3.44236
0.05	3.44782
0.05	3.45291
0.05	3.45819
0.05	3.46288
0.05	3.46709
0.05	3.47068
0.05	3.47471
0.05	3.478
0.05	3.48141
0.05	3.48451
0.05	3.48624
0.05	3.48686
0.05	3.48743
0.05	3.48827
0.05	3.48904
0.05	3.48914
0.05	3.4889
0.05	3.48901
0.05	3.48903
0.05	3.48993
0.05	3.49131
0.05	3.49246
0.05	3.49173
0.05	3.49118
0.05	3.49061
0.05	3.49086
0.05	3.49107
0.05	3.49178
0.05	3.49294
0.05	3.4945
0.05	3.49608
0.05	3.49756
0.05	3.49901
0.025	1.7495
0.0125	0.874752
0.00625	0.437376
0.003125	0.218688
