x	y	theta
0	0	0
0	0	0
0.00132018	8.04295e-05	-0.000308998
0.00197212	0.00022208	-0.000339704
0.00216209	0.000222235	-0.000231476
0.00244637	0.000279485	-6.78501e-05
0.00236021	0.000302061	4.58811e-05
0.00161269	0.000158192	0.000519789
0.00136276	-0.000107306	0.000739357
0.00121662	-0.000116073	0.000616187
0.000457054	-0.00020379	0.000738458
0.000113895	-0.000412628	0.000952081
0.000252413	-0.000336396	0.000752931
0.000433451	-0.000439925	0.000927893
0.000934427	-0.000846752	0.00120531
0.00101745	-0.0010801	0.00144411
0.00126594	-0.00120934	0.00133936
0.00138434	-0.00124967	0.00130758
0.00207357	-0.00120222	0.000909116
0.00237517	-0.00118304	0.000982617
0.00199773	-0.00132925	0.00120213
0.00143014	-0.00147212	0.00143845
0.000299256	-0.00154142	0.00141077
-0.00152172	-0.00144495	0.00161232
-0.00280177	-0.00132655	0.00149007
-0.00391787	-0.00110241	0.00126268
-0.00452094	-0.000668386	0.000945354
-0.00528691	-0.000419824	0.000663086
-0.00509094	-0.000433348	0.000579155
-0.00498225	-0.000576786	0.000651677
-0.00507498	-0.000697746	0.000661847
-0.00491721	-0.000880149	0.000622377
-0.00380867	-0.00107184	0.00065978
-0.00407744	-0.00151364	0.000791619
-0.00464164	-0.00159635	0.000810715
-0.005015	-0.00156061	0.00071966
-0.00493215	-0.00141902	0.000600211
-0.00561878	-0.00107304	0.000317297
-0.00559315	-0.000681117	-2.42022e-05
-0.00576519	-0.000324631	-0.000165755
-0.00569333	-0.000286198	0.000135884
-0.00555096	-0.000226713	0.000288626
-0.00538077	-3.64027e-05	0.000422116
-0.00559087	1.2346e-05	0.000730745
-0.00529442	-0.000623368	0.00143572
-0.00517735	-0.00104127	0.00175185
-0.00534186	-0.00135011	0.00183716
-0.00603434	-0.00154185	0.00207613
-0.00645821	-0.00171636	0.00231753
-0.00689487	-0.00165944	0.00236023
-0.00768781	-0.00152615	0.00245236
-0.00918525	-0.00122795	0.00263806
-0.0100675	-0.00105867	0.00277368
-0.010599	-0.00109812	0.0028609
-0.0111183	-0.00142394	0.00318996
-0.0111202	-0.00154688	0.00324527
-0.0105866	-0.00196097	0.00340486
-0.0101663	-0.00221848	0.00351636
-0.0104453	-0.00216158	0.00339084
-0.0107965	-0.00199551	0.00330938
-0.0112377	-0.00192049	0.00331978
-0.0117742	-0.00189862	0.00331329
-0.0119087	-0.0021345	0.00369201
-0.0117582	-0.00241123	0.00370213
-0.0124319	-0.00266568	0.00391303
-0.0132218	-0.00319043	0.00419122
-0.0137549	-0.00332092	0.00409079
-0.0138872	-0.00335441	0.00378715
-0.0141807	-0.00344059	0.00379189
-0.0142386	-0.00359814	0.00407221
-0.0142609	-0.00365571	0.00411562
-0.014601	-0.00375718	0.00436309
-0.0155671	-0.0035399	0.00443356
-0.016579	-0.00343771	0.0045942
-0.0175461	-0.00358268	0.00490296
-0.0172487	-0.00363186	0.00490781
-0.0163712	-0.00387827	0.00487401
-0.0158705	-0.00394586	0.00489496
-0.0152083	-0.00396391	0.00478591
-0.014752	-0.00411385	0.00474182
-0.0150328	-0.00426619	0.00546179
-0.0154174	-0.00399363	0.00531159
-0.0153265	-0.00408407	0.00536366
-0.0148498	-0.00408006	0.00535698
-0.0145544	-0.00402896	0.00514956
-0.0142015	-0.00408085	0.00525538
-0.0151785	-0.00414247	0.00570754
-0.0161111	-0.00407343	0.00568786
-0.0171969	-0.00380417	0.0055107
-0.0175401	-0.00396653	0.00578846
-0.0173769	-0.00411084	0.00605391
-0.0173998	-0.00403443	0.00619612
-0.0172888	-0.00415878	0.00646626
-0.0172825	-0.00421389	0.0066897
-0.017451	-0.00422664	0.00665031
-0.0170789	-0.00455725	0.00707842
-0.0171677	-0.00463552	0.00718414
-0.0170552	-0.00418913	0.00691645
-0.0169444	-0.00367437	0.00686706
-0.0169318	-0.0033608	0.00694133
-0.0168704	-0.00315669	0.00694967
-0.0163848	-0.00336559	0.00727808
-0.0165828	-0.00351575	0.00734037
-0.0170229	-0.00359269	0.0075207
-0.0174632	-0.00344996	0.00737619
-0.0174335	-0.00335929	0.00740553
-0.0174632	-0.00350436	0.00769165
-0.0174195	-0.00351139	0.00771533
-0.0176013	-0.00327431	0.00746363
-0.0170694	-0.00300463	0.00717104
-0.0171485	-0.00284072	0.00715738
-0.0174158	-0.00237396	0.00681146
-0.0170608	-0.00210211	0.00666427
-0.0164551	-0.00165528	0.00656738
-0.0165232	-0.00149318	0.00660076
-0.0163709	-0.00153938	0.00666984
-0.0159235	-0.00152613	0.00656522
-0.015396	-0.00147642	0.00662772
-0.0150362	-0.00138534	0.00660889
-0.0144684	-0.00130677	0.00651479
-0.0144845	-0.000997371	0.00635639
-0.014041	-0.0012392	0.00657468
-0.0139709	-0.00139538	0.00653249
-0.0139375	-0.0014687	0.00657683
-0.0133694	-0.00169526	0.00664801
-0.0128668	-0.00183814	0.00655441
-0.0125328	-0.00207095	0.00672663
-0.0134838	-0.00177262	0.00634344
-0.0141469	-0.00165407	0.00628373
-0.0145307	-0.00168632	0.00630003
-0.0147612	-0.00160653	0.00615898
-0.0155782	-0.00151547	0.00632884
-0.0161306	-0.00137124	0.00634588
-0.0163018	-0.0012308	0.00621312
-0.0169258	-0.00105625	0.00629877
-0.017094	-0.000841465	0.00624571
-0.0171853	-0.000574793	0.00615238
-0.0173738	-0.000827921	0.00638451
-0.017919	-0.0011291	0.00673182
-0.0178009	-0.00114607	0.0067366
-0.0173537	-0.00130428	0.00684722
-0.0173605	-0.00124215	0.00681344
-0.0172311	-0.00102147	0.006854
-0.0174977	-0.000975318	0.00701899
-0.0176274	-0.000888423	0.00701978
-0.0184813	-0.0004944	0.00686935
-0.0187638	-0.000549436	0.00709395
-0.0191266	-0.000742221	0.00727161
-0.0197088	-0.00086721	0.00723821
-0.0204531	-0.00108919	0.0074246
-0.0212491	-0.0014113	0.00770383
-0.0217823	-0.00156063	0.00780062
-0.0224969	-0.00178312	0.00806831
-0.0231418	-0.00159706	0.0080791
-0.0237941	-0.00145181	0.00803541
-0.0239821	-0.00152704	0.00828189
-0.0235972	-0.00165684	0.00837961
-0.0224185	-0.00187511	0.00830393
-0.0221159	-0.00200642	0.00840706
-0.0212144	-0.00223541	0.00833687
-0.0218155	-0.0019805	0.008291
-0.0229044	-0.00181324	0.00842903
-0.0235135	-0.00164396	0.00819634
-0.0233057	-0.0017733	0.0080122
-0.0226698	-0.00165528	0.00772566
-0.0231855	-0.00161225	0.00778063
-0.0232327	-0.00175844	0.00833771
-0.0244131	-0.00171848	0.00833503
-0.024788	-0.00183121	0.00852524
-0.0244868	-0.00169653	0.0083604
-0.0247191	-0.0017798	0.00858306
-0.0241768	-0.00233363	0.00914159
-0.0240231	-0.00274228	0.00937643
-0.0242883	-0.00287829	0.00939599
-0.0237669	-0.00318022	0.00950606
-0.022404	-0.00318387	0.00917864
-0.021854	-0.00316014	0.00907388
-0.0217573	-0.0033358	0.00955275
-0.0215186	-0.00355378	0.00995372
-0.0214308	-0.00371129	0.0102728
-0.0214475	-0.00366002	0.0102051
-0.0218572	-0.0037117	0.0101409
-0.0225139	-0.00373604	0.0101159
-0.0230104	-0.00365907	0.00992793
-0.0227892	-0.00322794	0.00951511
-0.0231038	-0.00298484	0.00956653
-0.023613	-0.00286238	0.00947891
-0.0237272	-0.00245429	0.00895167
-0.0235653	-0.00228826	0.00905344
-0.0225088	-0.00244685	0.00937695
-0.0222723	-0.00205935	0.00890006
-0.0222243	-0.00178455	0.00863924
-0.0217509	-0.00140569	0.00821167
-0.0209887	-0.00112405	0.00805347
-0.0209631	-0.000951966	0.00810284
-0.0206163	-0.000871299	0.00816199
-0.0205482	-0.000972013	0.00824075
-0.0206835	-0.00102301	0.00835381
-0.0205074	-0.00126647	0.00858796
-0.0207438	-0.00127467	0.00856256
-0.0212154	-0.00125958	0.00852004
-0.0216103	-0.00112584	0.00835608
-0.0224401	-0.00124681	0.00855491
-0.0232371	-0.00126059	0.00861428
-0.0238403	-0.0014069	0.00870298
-0.0249228	-0.00151931	0.00869631
-0.0260661	-0.00122881	0.00863594
-0.0273605	-0.000760112	0.00843021
-0.0275971	-0.00100443	0.00907244
-0.0270355	-0.00110792	0.00915495
-0.0266042	-0.00138629	0.00910157
-0.0268445	-0.00153628	0.0092605
-0.0262104	-0.00181521	0.00951935
-0.02501	-0.00223045	0.0098061
-0.02433	-0.00223387	0.00947297
-0.0237064	-0.00221908	0.0093386
-0.0224589	-0.00230499	0.00909706
-0.02167	-0.00223026	0.00934287
-0.0209362	-0.00256904	0.00956549
-0.0207392	-0.00265858	0.00968136
-0.0206393	-0.00287091	0.00987536
-0.0208135	-0.00312666	0.0100869
-0.0210333	-0.00341417	0.0103387
-0.0209648	-0.00356866	0.0102964
-0.0211043	-0.00346678	0.0101888
-0.0207252	-0.00343141	0.0101009
-0.0207464	-0.00346958	0.010294
-0.0205496	-0.00353054	0.0106079
-0.0207905	-0.00371177	0.0107787
-0.0213785	-0.00378645	0.0110511
-0.0214476	-0.00373082	0.0110891
-0.0215245	-0.00369547	0.0110334
-0.0215063	-0.00383949	0.0112974
-0.023198	-0.00341625	0.0111551
-0.024615	-0.0028999	0.0109421
-0.0253459	-0.00276803	0.0109422
-0.0256082	-0.00294161	0.0114368
-0.0260689	-0.00293456	0.0114627
-0.0265607	-0.00315772	0.0118
-0.0271841	-0.00326952	0.0120894
-0.0272523	-0.00311321	0.0121373
-0.0276561	-0.00293302	0.0120761
-0.0272787	-0.00294701	0.0120771
-0.0262513	-0.00317635	0.012265
-0.0265987	-0.00332152	0.0123737
-0.0275409	-0.00276313	0.0113575
-0.0283503	-0.0024499	0.0110353
-0.0283061	-0.0020022	0.0103998
-0.0276741	-0.001769	0.0102036
-0.0270253	-0.00184797	0.0102286
-0.0272115	-0.00188639	0.0104803
-0.0276309	-0.00204243	0.0107709
-0.0278604	-0.00219371	0.010758
-0.0288503	-0.00199468	0.0105248
-0.0294017	-0.0016503	0.0103904
-0.0293519	-0.00143551	0.0102749
-0.0293459	-0.00145849	0.0101281
-0.0306409	-0.00107928	0.0100467
-0.0308685	-0.00114748	0.00999067
-0.031225	-0.00152663	0.010598
-0.0321268	-0.00170476	0.0110003
-0.0325197	-0.0017624	0.0111056
-0.0327706	-0.00198987	0.0110345
-0.0333264	-0.00211377	0.0109414
-0.0337417	-0.00216127	0.0110413
-0.0346764	-0.00237631	0.0116835
-0.0355272	-0.00211252	0.0116062
-0.0355994	-0.00149028	0.010594
-0.0352588	-0.00122268	0.0103962
-0.0347678	-0.00110036	0.0103604
-0.0344886	-0.000989398	0.0103041
-0.0342677	-0.000941443	0.0104564
-0.0339593	-0.00102542	0.0107131
-0.0352416	-0.000630033	0.0104483
-0.0361597	-0.000456144	0.0100896
-0.0369296	-0.000284905	0.00995249
-0.0366874	-0.000418962	0.0101398
-0.0362551	-0.000507226	0.0103374
-0.0362811	-0.000586364	0.0103833
-0.0360801	-0.000384682	0.0102673
-0.0363236	-0.00010868	0.0101508
-0.0369241	0.000331078	0.00983776
-0.0376708	0.000485633	0.0100219
-0.0386907	0.000425896	0.0103311
-0.0383333	0.000192677	0.0105526
-0.0378353	0.000197445	0.0102554
-0.0372153	9.66003e-05	0.0103731
-0.037102	-2.10074e-05	0.0104059
-0.0377598	-4.64828e-05	0.0107895
-0.0384963	-0.00019167	0.0110148
-0.0386797	-0.000275665	0.0111995
-0.0398808	0.000245919	0.0108577
-0.0406244	0.000644658	0.010884
-0.0417749	0.00109776	0.0106144
-0.0422068	0.000931306	0.0107762
-0.0419127	0.000848808	0.0108863
-0.0424255	0.000823293	0.011217
-0.0439372	0.00107026	0.0113395
-0.045508	0.00116871	0.0116471
-0.0456959	0.00133652	0.0115654
-0.0455206	0.00139355	0.0115319
-0.0453572	0.0011707	0.01181
-0.0450617	0.000901953	0.0120787
-0.0442239	0.000490086	0.012334
-0.0437023	0.000636949	0.0116182
-0.0446295	0.000782317	0.0114793
-0.0456419	0.000884337	0.0116821
-0.046155	0.000922878	0.0119119
-0.0464934	0.000728854	0.0123922
-0.0464227	0.000378316	0.0127186
-0.0469101	0.000171015	0.0129466
-0.0479208	9.40732e-05	0.0131222
-0.0495604	0.000285873	0.0131809
-0.0504828	0.00056515	0.0130937
-0.0518236	0.00110363	0.0127513
-0.0526918	0.00172747	0.0122273
-0.0528703	0.00186458	0.0124278
-0.052459	0.00178535	0.0125272
-0.0521465	0.00162176	0.0126746
-0.0527205	0.00150289	0.0130062
-0.0531307	0.00139766	0.0133125
-0.0532985	0.00139452	0.0134092
-0.0532306	0.00159074	0.0129912
-0.0527745	0.00173592	0.0128416
-0.052624	0.00188495	0.0127299
-0.0525697	0.00203316	0.0127465
-0.0527867	0.00209107	0.0129287
-0.0522716	0.00203182	0.0128907
-0.0520187	0.00220102	0.0125652
-0.0516976	0.00187716	0.0129181
-0.0519709	0.00136088	0.013478
-0.0521856	0.000983473	0.0134843
-0.0518077	0.000577929	0.0139052
-0.0522933	0.000269866	0.0140034
-0.0525143	0.000303948	0.0138552
-0.0522972	0.00039502	0.013702
-0.0521446	0.000656292	0.0136229
-0.0525787	0.000768136	0.0137884
-0.0524414	0.000884804	0.0138995
-0.0526809	0.000972104	0.0139986
-0.0529852	0.000999405	0.0141052
-0.0531024	0.00106953	0.0141866
-0.0530436	0.00100067	0.0143766
-0.0530619	0.000750658	0.0145404
-0.0533298	0.000724059	0.0145037
-0.0528513	0.000313261	0.0147193
-0.052814	-5.03167e-05	0.0150212
-0.0529393	-0.000347987	0.0150873
-0.053875	-0.000157599	0.0149444
-0.0544232	-9.61174e-05	0.0149322
-0.0545404	-3.27171e-05	0.0149038
-0.0547713	0.000175689	0.0145857
-0.0558421	0.000213083	0.0147833
-0.057079	0.000583647	0.0145903
-0.0582371	0.000827843	0.0146715
-0.0585707	0.000561713	0.0149939
-0.0595182	0.000755291	0.0147982
-0.0599728	0.000646515	0.014915
-0.0600233	0.000446381	0.015254
-0.0595596	0.000238814	0.0153315
-0.0590466	0.000331112	0.0153247
-0.0584266	0.000509153	0.0153597
-0.0577683	0.000622394	0.015214
-0.0578456	0.000626264	0.0153776
-0.0582356	0.000577247	0.0154819
-0.0584464	0.000476749	0.0156595
-0.0589547	0.000420672	0.0160145
-0.059695	0.000165943	0.016322
-0.0599664	-1.79228e-05	0.0166362
-0.0595544	-0.000868779	0.0175647
-0.0589131	-0.00151172	0.0178253
-0.0594182	-0.00175513	0.0179798
-0.059718	-0.00193087	0.018134
-0.0604795	-0.00193133	0.0184054
-0.0608557	-0.00194276	0.0184183
-0.0603046	-0.00204738	0.0184427
-0.0606699	-0.00189237	0.0183874
-0.0609282	-0.00177616	0.0186044
-0.0618254	-0.00144492	0.0184101
-0.0626163	-0.00149363	0.0185155
-0.0627106	-0.00156739	0.0185093
-0.0634838	-0.00124466	0.0181326
-0.0636326	-0.000626948	0.0176741
-0.0632305	-0.000372499	0.0175859
-0.0623493	-0.000253522	0.0176067
-0.0627476	-0.000255009	0.0176085
-0.0636515	-3.26047e-05	0.0173887
-0.0648506	0.000314304	0.0172186
-0.0647823	0.00047722	0.0172252
-0.0642816	0.000674157	0.0171087
-0.064203	0.000770772	0.0173942
-0.0645845	0.000782954	0.0175832
-0.0650486	0.000698842	0.0175617
-0.064764	0.000880107	0.016954
-0.0647634	0.000640421	0.0170394
-0.0649639	0.000459373	0.0170671
-0.0654302	0.000329425	0.0173844
-0.0661942	0.00041176	0.0174167
-0.0673585	0.000409128	0.0176428
-0.0670274	6.31832e-05	0.0178941
-0.0670334	-0.000346792	0.0181264
-0.0667874	-0.000527705	0.0181759
-0.0670006	-0.000498266	0.0181752
-0.0666473	-0.000297195	0.0181546
-0.0664333	-0.000188473	0.0182646
-0.0670817	0.000296186	0.0180534
-0.06804	0.000486626	0.0179984
-0.0684973	0.00055955	0.0179748
